0,61,35,629,1883,231,20,1516,1051,1664,1118,566,2145,1818,2158,915,1666,1881,1497,514,833,364,1139,4,35,1394,985,363,1879,1051,771
1,23,35,956,2081,2495,1439,87,980,2093,658,686,728,938,141,278,2400,2187,1811,163,2198,2368,1848,919,205,89,71,1476,502,660,1034
1,116,48,351,1260,2216,1690,1281,2402,2487,1326,1925,1858,439,2205,2033,745,187,1164,1078,1545,1967,1427,1784,1977,641,1753,1042,1944,1605,981
0,80,1,560,1322,745,2136,1144,2142,841,512,1134,1056,652,2390,332,584,1412,1457,1907,1932,663,602,548,1003,1149,652,2446,2096,2487,1020
1,52,31,2419,1445,1258,1128,1904,227,1045,1763,2077,38,544,1883,2018,831,1993,484,2141,882,2084,367,1201,628,549,1521,2283,2485,2047,732
0,100,16,823,934,910,576,461,565,1716,1340,17,2035,2190,2130,139,928,1049,168,2492,1178,2322,2360,266,2483,1734,708,1848,1174,2292,1339
1,67,22,446,947,1937,2222,472,1141,1921,2182,71,1114,742,2053,2008,2482,1308,1630,1001,1968,2352,873,461,2410,1598,1062,1048,392,318,473
1,105,41,39,2470,583,1404,1097,1047,2296,1049,1552,399,1485,1789,1380,2,427,1970,232,1363,2335,2348,1662,2243,697,1911,284,1451,1594,1837
1,72,21,1042,120,1911,2491,922,1646,2038,2294,765,366,2439,292,1218,585,1040,2191,1995,1736,1882,1922,1462,1982,826,2218,513,1885,1762,171
0,114,48,1564,976,1810,1907,1360,898,474,625,1915,2401,1517,283,978,830,1645,1771,1322,21,1822,1423,54,849,1233,361,603,576,1468,416
0,74,23,1495,2256,1878,2455,1604,1254,1009,216,1819,2278,192,1774,1864,77,1377,2364,1531,1395,1956,2047,1027,942,1281,1857,226,1737,1286,116
1,82,39,627,2048,1588,2117,2206,2031,190,817,1279,2276,303,760,1981,1795,1895,1135,557,1584,118,1882,1066,1428,1133,2304,1769,99,585,2485
1,34,23,2315,2059,1328,2069,258,1636,1597,595,1882,1060,1697,850,1389,277,1306,1899,2185,437,651,1123,768,1954,2265,373,1056,151,2137,1202
1,22,41,2351,1240,213,110,2128,558,1757,1727,924,677,1118,782,2026,2440,361,1496,954,2366,2330,1450,883,3,3,2359,2043,1859,223,397
0,67,28,854,34,841,2405,1082,993,1232,1771,2487,691,1712,1192,1855,162,487,455,876,1795,1131,1943,2187,1319,2173,564,1586,1533,1563,1065
0,111,21,71,500,1883,759,1534,2427,575,2287,775,288,1706,886,1348,1248,108,303,489,2057,1466,1690,1351,636,1926,2016,1856,783,915,1316
1,83,6,2103,2429,600,1849,683,1977,2026,2263,2094,120,148,1624,1708,2186,718,1456,1190,1656,2435,2002,1939,689,2115,1315,1237,168,659,1733
1,15,50,360,111,559,2148,1644,1827,1381,369,394,1248,1399,790,1394,922,857,1558,901,1277,671,1929,1927,2442,370,1498,213,1859,63,1456
0,21,20,1527,1754,1081,221,1726,2364,2451,1705,741,1677,2028,2028,584,2357,835,738,133,1886,1738,392,1247,1342,409,1582,2063,2424,215,399
0,80,20,654,2260,2423,2212,1177,396,1504,402,760,1701,2394,1094,2370,174,829,1937,849,1432,874,1941,1871,2013,1709,394,886,2430,182,843
1,91,28,2355,1227,1143,1964,266,1294,2117,2087,1700,638,2017,995,1500,1704,504,1148,208,1220,121,1132,1133,182,2166,680,788,1938,111,1740
1,42,13,1818,1596,1306,2359,1569,2049,1794,853,2431,976,2046,1103,1264,2161,2242,1715,2099,712,2156,2220,883,914,1743,1873,412,1859,1645,695
1,50,20,2311,1370,2117,2420,454,1126,59,2414,539,1770,1245,192,1632,763,1507,2115,60,1161,704,179,1062,646,1931,555,110,479,952,1558
0,105,27,227,2338,429,1616,1242,1249,2373,140,1188,303,2227,2134,509,2412,2188,1815,349,576,1173,1730,1366,696,1510,1034,2224,1059,769,2260
0,12,36,1177,2137,1493,1590,1226,269,2294,2101,8,2198,1841,964,394,54,2425,1377,1352,1146,2100,1890,1942,1390,551,971,2365,1654,830,1293
0,37,49,892,968,2132,319,2414,547,2406,1109,1855,2465,1121,940,586,821,872,70,1969,684,439,2432,1917,1788,97,615,2128,663,841,402
1,66,20,1357,163,521,455,1733,1126,1803,407,231,473,1316,1194,1995,339,1029,89,770,1662,1965,2453,451,2024,557,302,1769,574,2027,2269
1,99,29,1364,1036,2366,1020,2042,2105,1214,478,810,2045,2065,794,1554,1159,1142,1039,659,1919,614,1849,2006,2130,1661,2293,96,1298,928,1671
1,25,29,655,2346,305,1875,2139,1582,131,1871,487,1159,1669,2450,2086,1845,1143,167,596,1194,1788,660,2388,540,2082,494,2496,1614,2269,821
1,46,35,2410,1495,1597,1347,349,11,360,1266,754,255,897,802,433,1567,1655,1490,1193,2334,351,1656,1296,2038,2202,885,303,672,2058,1273
0,66,43,258,2338,1907,474,1567,2224,1255,623,424,2238,1733,1758,32,1979,1998,2416,416,1952,2029,1525,1637,163,1551,2382,883,1624,215,1610
1,42,29,1677,434,2261,1959,608,1404,1471,426,862,2260,551,933,2286,702,2436,630,2281,1806,2377,472,37,1851,1553,329,2068,1527,1608,1686
0,67,16,2031,2003,1367,1242,1643,2211,472,363,1072,1630,132,120,434,2025,250,170,2176,57,1504,849,2098,625,1833,1846,334,1306,1363,2207
1,39,37,843,883,1233,445,87,2291,1150,818,1003,1308,1506,2227,2213,1926,991,397,2059,12,1938,425,875,1357,2388,16,1634,1786,938,2497
0,82,45,1148,453,659,1235,1718,951,839,1407,721,1409,1456,1428,567,1096,2404,30,661,1605,873,2432,719,2020,1878,2132,371,1882,2368,2387
1,70,7,1956,1519,2269,20,1779,1388,1470,1195,988,1004,1929,2115,1785,164,1226,852,1618,882,589,1370,1322,2368,1536,1154,1569,1024,2399,1856
0,49,38,8,1153,395,1539,1848,2309,361,2440,1688,1480,619,689,1961,2152,2127,870,2084,779,1073,1682,2249,2076,2107,1442,1593,810,865,1809
1,18,33,1592,1772,567,2241,1572,2336,792,280,2277,1890,1994,1791,685,106,315,1431,1564,628,80,781,2111,1112,2216,2067,1864,441,917,2409
1,104,29,2486,46,1508,1344,948,1514,1397,930,2220,1155,700,2223,1278,803,1499,1991,1559,75,1457,1581,2333,76,1463,1182,1963,2204,1794,1714
1,55,44,924,692,630,588,1166,2319,10,1307,309,614,1650,157,1447,68,1688,586,2229,1086,2479,603,2370,278,656,2427,1262,1369,915,380
1,36,22,2201,2315,297,2233,2158,195,49,1711,1462,1409,1591,510,1042,1691,144,296,1056,2170,1092,1441,2183,1704,1441,2213,741,1556,1689,1848
1,55,36,1877,684,1892,1745,261,756,1119,564,1005,277,2170,351,976,2451,2366,522,2302,1548,2135,1093,2286,968,872,2237,1357,1642,1043,701
1,82,44,413,235,1232,1263,589,1948,2002,2375,367,1449,1435,887,2459,1244,1501,932,692,30,1559,1107,124,733,1221,2158,1969,843,452,1789
0,84,48,1456,309,1287,1031,1292,2319,729,254,704,32,1124,215,34,1351,734,2325,706,2186,1520,299,961,750,204,2161,701,2213,1003,1295
1,79,10,1715,767,763,1936,819,1498,1011,50,551,1949,134,1429,684,862,2261,828,1122,2462,1125,964,1697,958,2345,862,896,1513,986,452
1,29,3,1853,843,172,37,354,471,2155,766,240,384,1232,144,2474,692,2470,2361,17,198,747,1701,911,1224,742,1889,632,390,1846,1303
0,30,38,2456,1166,1102,959,1705,1624,639,1170,1789,2076,2179,969,2071,1198,1012,2158,2413,291,1316,1726,371,1409,1377,1539,1837,290,2327,1249
0,106,32,2142,1424,1432,777,515,1058,942,632,2489,815,160,707,436,94,1831,435,1509,1604,2448,624,485,1695,1188,20,1536,524,1871,2457
1,32,10,1766,50,385,28,885,101,881,1262,1611,1780,1952,1666,1855,1514,1989,1181,1141,1189,371,1496,84,1455,1723,759,1433,1437,1138,531
1,86,25,2171,1100,1254,1458,53,2464,38,967,2378,1731,1910,1837,1744,1990,1650,2377,1640,30,2442,2126,1150,374,782,1347,708,2079,1151,533
1,53,8,658,84,1118,1085,2148,268,704,1247,505,1496,2258,1153,2443,176,797,997,1979,1620,1433,984,749,296,1299,2187,2251,853,1853,169
0,82,27,1198,2367,1539,530,1632,2253,1206,757,2478,349,1665,358,2079,1164,192,2091,2232,732,2146,2486,1070,335,2433,1192,556,1727,1751,2046
1,107,2,520,1628,1491,1547,623,745,699,984,767,96,701,1571,538,1533,757,888,1116,1336,342,911,610,548,989,231,1720,151,2103,2398
0,109,35,438,1369,2215,506,22,783,2367,830,2468,2440,1011,1904,1221,536,198,518,1269,2492,1409,1183,2135,1059,511,1119,2095,2033,1058,88
1,58,17,1673,655,1075,422,1485,2249,1671,2365,1616,812,1509,405,2291,1963,734,1766,2384,1139,674,2432,1638,290,1411,2418,1139,1545,1834,1751
0,68,23,2240,1872,1173,321,122,777,12,1387,826,544,2360,1850,2234,2141,1683,1680,900,2090,1405,152,985,545,975,1849,1874,342,1517,750
1,16,26,1780,877,272,879,1524,1120,237,981,14,1851,2000,790,1272,1265,1202,844,835,1603,1715,596,795,1532,992,1185,788,409,1387,820
0,96,6,1006,385,1473,114,966,2277,288,684,382,1445,2177,361,83,2133,2108,2471,978,2080,120,2441,890,51,252,1562,94,1447,1946,220
1,82,12,794,1413,1383,1113,654,2287,2204,1642,2204,2304,623,112,2222,1123,377,21,1115,2148,2388,2448,2255,941,336,1920,2252,1903,2173,2474
0,32,18,448,1427,2499,1223,1768,331,738,383,1639,504,1039,249,2394,914,564,1434,1311,1173,2017,934,1354,553,2312,276,2228,1432,677,67
0,53,26,2034,263,1872,169,1531,176,1072,1008,1384,1148,777,891,2070,2156,1244,2389,1075,2041,1183,2096,1564,2316,507,618,2244,431,364,1415
1,68,27,1213,1451,2388,2477,36,1139,1017,1786,2068,498,62,1656,1652,649,1510,1565,821,1261,843,1625,706,2007,2016,2495,1845,2418,2256,1658
0,99,30,754,1318,1435,1364,1425,2391,452,381,2293,1222,2133,965,1399,1370,704,705,613,1455,201,1140,2426,1977,2304,611,2339,447,717,1471
1,86,43,783,1614,2224,83,348,1659,1987,2352,1594,1019,1116,1745,2238,2417,1617,1887,1032,1112,2221,903,2415,545,2057,2306,1046,2293,1539,1935
1,97,17,396,2290,2149,2235,484,1640,80,1010,2142,1234,2264,375,407,1327,219,1930,1528,827,971,1581,2004,286,1477,1875,139,2153,848,2482
1,87,42,1699,275,165,2470,1764,328,856,1117,44,1284,775,1514,1193,839,1828,999,27,2264,416,2201,441,2317,718,1716,1176,1303,295,12
0,116,35,2199,1701,622,692,564,1465,1613,1025,2183,852,1834,563,930,2467,1601,1103,1608,400,572,2244,1347,1475,554,535,731,1803,368,974
0,68,15,2181,2411,2407,439,392,507,256,1465,1080,365,859,560,258,1104,1199,1089,83,1065,2220,1184,2032,1401,169,1100,1652,800,2007,741
1,40,6,1877,1893,439,886,1579,893,145,349,1483,1241,606,900,389,322,1222,1069,286,201,1939,235,46,1934,2039,2482,2244,130,1743,1624
0,95,24,2270,189,1978,1266,433,1067,2277,1442,1975,1887,1243,1838,1052,1266,1882,822,1262,1360,1709,2008,2004,2103,247,28,806,2348,159,1498
1,80,7,1988,296,2450,269,1717,2184,938,900,677,2105,74,1373,408,1949,1453,1311,1547,1757,863,2112,34,1804,876,1819,1185,657,266,1876
0,67,37,2065,874,1912,1559,1873,1813,1691,2110,1268,964,407,381,929,1210,1202,2358,2095,448,2464,2261,381,881,1101,1609,650,2002,948,1225
1,22,39,730,1132,1764,2344,876,748,1808,1303,2290,1011,761,1213,759,746,699,1489,2432,1130,1499,151,417,764,2461,608,2267,2000,1371,914
0,24,40,899,2442,956,1790,1829,1319,2173,1206,2066,457,1864,1907,1516,1486,2496,1815,2396,1547,1345,2444,2299,2346,502,1381,506,2290,1890,239
0,72,42,1768,1307,133,1840,2157,640,418,1541,165,1350,2220,1802,1378,1498,1774,1873,1612,1341,728,1358,842,762,234,1082,1485,149,1366,1675
1,21,25,1472,1490,2190,1238,1677,2033,2021,2081,1675,610,218,1559,1703,19,1939,487,220,2,173,726,2244,2087,461,1176,882,271,221,1599
0,55,39,1425,1158,889,1010,15,649,1083,2430,775,1068,1075,2239,496,264,2112,2478,1954,1708,1520,562,596,1992,940,1130,1262,0,1151,5
0,62,9,1194,1364,1976,2122,879,2110,1360,2313,1849,1057,186,1290,2158,1425,1734,278,1557,2339,1515,195,1227,2344,187,631,532,2007,411,1132
1,61,15,2390,848,2279,657,163,1087,110,1626,344,804,2135,363,189,1628,275,1,452,271,872,844,1633,1889,1768,1900,1065,2264,1689,528
1,65,6,396,501,504,685,711,119,1219,78,1350,184,1347,1695,799,2450,1416,2104,122,2249,1812,410,510,1275,274,1522,962,349,2373,1624
0,84,16,1386,2107,1296,1482,1208,2150,136,232,575,1455,2352,1090,1464,2094,271,1194,1450,306,913,2497,2285,1658,37,1557,592,1683,1049,2130
0,72,19,1954,1608,2330,181,46,1140,2384,1483,664,1965,1963,2208,183,1774,383,1639,1058,1781,1386,1361,2107,1322,2045,1818,1962,683,2234,472
1,32,15,232,342,468,1612,2499,84,1640,635,1791,2373,1926,1914,1175,691,1649,1591,241,1485,482,2181,1581,496,2468,2078,826,1909,894,1725
1,53,17,1822,2019,875,1858,993,548,2325,2398,2166,2323,1315,1040,424,1714,1311,2059,1427,686,1496,727,271,1662,2218,1360,1482,2135,1519,663
1,16,46,174,2434,1677,1147,776,1763,1413,1403,470,1005,1208,2170,860,2394,1228,2408,1627,570,2202,513,881,1325,764,1642,1983,2351,66,1745
0,51,48,478,584,1884,375,1302,782,2258,379,2333,227,10,232,852,1348,1331,2382,1230,2072,1590,2323,1494,1496,572,943,789,884,2027,1942
1,86,5,507,1711,557,2427,1582,2149,93,308,2339,1935,2391,2359,1304,1388,1107,1938,887,433,1988,1665,2267,52,1714,1866,1235,2486,163,1298
1,49,40,1545,1161,274,327,506,256,1350,2012,261,1305,1224,2004,419,1915,2333,65,1868,1922,1517,1247,742,1366,2136,870,570,1168,2305,720
1,85,16,2328,904,2356,760,43,906,2408,292,2093,2148,15,1180,1650,2424,2375,2056,2011,1466,2216,2090,1005,952,152,725,2156,347,466,2270
1,76,24,449,2018,1752,1739,684,133,2012,1127,1594,116,1942,963,1517,853,659,708,1367,1187,1342,68,894,2332,1246,1271,725,1845,645,716
0,98,18,228,493,1275,2457,2318,371,1743,154,446,2136,15,1681,1636,2182,757,954,1589,1455,1875,1901,70,2029,1382,1768,2252,2200,683,1270
1,53,18,613,1566,1431,961,2225,316,1660,797,1491,1209,372,1263,24,1872,2037,302,2363,819,875,2408,1047,1765,516,1426,1426,1218,2233,681
0,63,29,1319,69,1536,2185,1181,1947,2166,527,1144,1336,2065,1371,861,1296,1345,2027,1606,1831,792,1324,1281,1770,1219,1042,1962,354,1759,51
1,73,25,532,1832,1077,1980,1601,1203,1067,1822,801,1506,413,778,928,722,1591,1022,1488,980,84,1294,1315,562,2255,1240,349,1466,2164,2133
1,51,36,290,1661,888,1955,1854,2200,1265,815,2241,2075,1017,123,961,626,515,139,455,2311,1794,1983,1019,200,1273,809,1593,2300,815,744
1,32,11,2308,1431,1014,1828,1097,1748,1127,9,408,1950,606,718,1511,663,1001,1708,865,1167,460,654,1706,2016,1259,2100,153,259,2025,1511
0,101,41,2216,812,1728,1495,1207,1773,1264,163,1736,2407,446,476,21,2077,1831,1068,1225,2284,1707,1579,216,963,484,2045,1363,1420,465,1813
1,93,46,473,491,1369,577,1774,1180,642,328,732,1626,878,108,1852,2379,806,1756,1957,266,647,189,1996,1965,2464,1642,1940,728,1813,194
1,53,0,408,1240,1654,1242,2254,2392,1714,869,769,625,1540,852,2056,932,596,127,1819,1806,1499,342,1096,1318,396,1127,872,120,2007,2192
0,112,19,1884,1648,2202,2445,2333,1083,2460,1519,264,1322,2463,1472,1893,467,2272,1357,441,1168,1990,260,2314,2354,715,203,623,2357,197,2349